M_u_lb: -1.2566370614359172
M_u_ub: 1.2566370614359172
N: 5
Np: 20
Q: 10.0
R: 0
batch_size: 32
data_path: Data/Training_Data/training_set.npy
dt: 0.01
epochs: 1000
kdV: 2
kpV: 100
l: 2.5
learning_rate: 1.0e-06
model_path: Data/model.pth
num_trials: 1
ref_points: 1500
ref_steps: 100
samples: 1000000
scale_V: 20
sim_T: 10
steps: 1000
weight_decay: 0.005
