K_tube:
- 0
- 0
- -44.96820062851194
K_tube_adaptive:
- 0
- 0
- -39.61905791892411
M_u_lb: -0.3141592653589793
M_u_ub: 0.3141592653589793
N: 5
Np: 50
Q: 10
R: 0
batch_size: 64
buffer_size: 139
data_path: Data/Training_Data/training_set.npy
dt: 0.005
epochs: 1000
eps: 0.001
kdV: 2
kpV: 100
l: 2.5
learning_rate: 0.0005
lr_factor: 0.8
lr_patience: 20
model_path: Data/model.pth
num_trials: 1
online_lr_replay: 4.5463954951931305e-07
online_lr_residual: 4.5463954951931305e-07
online_weight_decay: 0.0004272274816226789
rbf_gamma: 26.30158762851422
rbf_num_basis: 50
rbf_sigma: 0.254658253138533
rbf_weight_clip: 20.0
record: false
ref_points: 1500
ref_steps: 100
samples: 500000
scale_V: 50
seed: 26
sim_T: 10000
steering_force:
- 0.1
- 0.2
- 0.3
steps: 10000
weight_decay: 0.0005
wind_force:
- 5000
- 10000
- 15000
