K_tube:
- 0.0
- 0.0
- -15.0
M_u_lb: -0.3141592653589793
M_u_ub: 0.3141592653589793
N: 5
Np: 50
Q: 10
R: 0
batch_size: 64
buffer_size: 1000
data_path: Data/Training_Data/training_set.npy
dt: 0.005
epochs: 1000
eps: 0.001
kdV: 2
kpV: 100
l: 2.5
learning_rate: 0.0005
lr_factor: 0.8
lr_patience: 20
model_path: Data/model.pth
num_trials: 1
online_lr: 1.0e-07
online_weight_decay: 1.0e-05
record: false
ref_points: 1500
ref_steps: 100
samples: 500000
scale_V: 50
seed: 26
sim_T: 10000
steering_force:
- 0.3
steps: 10000
weight_decay: 0.0005
wind_force:
- 15000
