M_u_lb: -1.2566370614359172
M_u_ub: 1.2566370614359172
N: 5
Np: 50
Q: 22.6388
R: 0
batch_size: 64
data_path: Data/Training_Data/training_set.npy
dt: 0.01
epochs: 2000
eps: 0.003459
hyp_opt: false
kdV: 2
kpV: 100
l: 1
learning_rate: 0.0005
model_path: Data/model.pth
num_trials: 1
opt_model_path: logs/run_2025-08-01_14-51-18/models/model_trial_0.pth
ref_points: 1500
ref_steps: 100
samples: 1000000
scale_V: 5
seed: 26
sim_T: 10
steps: 5000
weight_decay: 0.05
