M_u_lb: -0.3141592653589793
M_u_ub: 0.3141592653589793
N: 5
Np: 50
Q: 280.66961028599303
R: 0
batch_size: 64
data_path: Data/Training_Data/training_set.npy
dt: 0.01
epochs: 500
eps: 0.00467300407629313
hyp_opt: true
kdV: 2
kpV: 100
l: 1
learning_rate: 0.0005
model_path: Data/model.pth
num_trials: 1
opt_model_path: logs/run_2025-08-13_10-51-52/models/model_trial_0
ref_points: 1500
ref_steps: 100
samples: 100000
scale_V: 5
seed: 26
sim_T: 10
steps: 1000
weight_decay: 0.0005
