M_u_lb: -0.3141592653589793
M_u_ub: 0.3141592653589793
N: 5
Np: 50
Q: 10
R: 0
alpha: 0
batch_size: 64
data_path: Data/Training_Data/training_set.npy
dt: 0.005
epochs: 1000
eps: 0.001
hyp_opt: false
kdV: 2
kpV: 100
l: 2.5
learning_rate: 0.0005
model_path: Data/model.pth
num_trials: 1
opt_model_path: logs/run_2025-08-13_15-46-11/models/model_trial_0.pth
record: false
ref_points: 1500
ref_steps: 100
samples: 500000
scale_V: 50
seed: 26
sim_T: 1000
steps: 10000
translational_force: 20000.0
weight_decay: 0.0005
