M_u_lb: -0.3141592653589793
M_u_ub: 0.3141592653589793
N: 5
Np: 50
Q: 70.6388
R: 0
alpha: 0
batch_size: 64
data_path: Data/Training_Data/training_set.npy
dt: 0.001
epochs: 500
eps: 0.0007
hyp_opt: false
kdV: 2
kpV: 100
l: 1
learning_rate: 0.0005
model_path: Data/model.pth
num_trials: 1
opt_model_path: logs/run_2025-08-01_14-51-18/models/model_trial_0.pth
record: false
ref_points: 1500
ref_steps: 100
samples: 200000
scale_V: 5
seed: 26
sim_T: 2
steps: 10000
weight_decay: 0.0005
