M_u_lb: -0.3141592653589793
M_u_ub: 0.3141592653589793
N: 5
Np: 50
Q: 10.0
R: 0
batch_size: 64
buffer_size: 1000
data_path: Data/Training_Data/training_set.npy
dt: 0.005
epochs: 100
kdV: 2
kpV: 100
l: 0.2
learning_rate: 5.0e-06
model_path: Data/model.pth
num_trials: 1
online_lr: 1.0e-09
online_weight_decay: 1.0e-05
ref_points: 1500
ref_steps: 100
samples: 100000
scale_V: 50
sim_T: 1000
steps: 2500
weight_decay: 0.002
